(kicad_pcb (version 20171130) (host pcbnew 5.1.10)

  (general
    (thickness 2.5)
    (drawings 67)
    (tracks 1145)
    (zones 0)
    (modules 103)
    (nets 100)
  )

  (page A4)
  (layers
    (0 F.Cu signal)
    (31 B.Cu signal)
    (32 B.Adhes user)
    (33 F.Adhes user)
    (34 B.Paste user)
    (35 F.Paste user)
    (36 B.SilkS user)
    (37 F.SilkS user)
    (38 B.Mask user)
    (39 F.Mask user)
    (40 Dwgs.User user)
    (41 Cmts.User user)
    (42 Eco1.User user)
    (43 Eco2.User user)
    (44 Edge.Cuts user)
    (45 Margin user)
    (46 B.CrtYd user)
    (47 F.CrtYd user)
    (48 B.Fab user)
    (49 F.Fab user)
  )

  (setup
    (last_trace_width 0.2)
    (user_trace_width 0.2)
    (user_trace_width 0.3)
    (user_trace_width 0.5)
    (user_trace_width 1)
    (user_trace_width 2)
    (trace_clearance 0.2)
    (zone_clearance 0.508)
    (zone_45_only no)
    (trace_min 0.2)
    (via_size 0.8)
    (via_drill 0.4)
    (via_min_size 0.8)
    (via_min_drill 0.4)
    (user_via 0.8 0.4)
    (user_via 1.2 0.6)
    (uvia_size 0.3)
    (uvia_drill 0.1)
    (uvias_allowed no)
    (uvia_min_size 0.2)
    (uvia_min_drill 0.1)
    (edge_width 0.15)
    (segment_width 0.2)
    (pcb_text_width 0.3)
    (pcb_text_size 1.5 1.5)
    (mod_edge_width 0.15)
    (mod_text_size 1 1)
    (mod_text_width 0.15)
    (pad_size 1.524 1.524)
    (pad_drill 0.762)
    (pad_to_mask_clearance 0.2)
    (aux_axis_origin 0 0)
    (visible_elements FFFFFF7F)
    (pcbplotparams
      (layerselection 0x010fc_ffffffff)
      (usegerberextensions false)
      (usegerberattributes true)
      (usegerberadvancedattributes true)
      (creategerberjobfile true)
      (excludeedgelayer true)
      (linewidth 0.100000)
      (plotframeref false)
      (viasonmask false)
      (mode 1)
      (useauxorigin false)
      (hpglpennumber 1)
      (hpglpenspeed 20)
      (hpglpendiameter 15.000000)
      (psnegative false)
      (psa4output false)
      (plotreference false)
      (plotvalue true)
      (plotinvisibletext false)
      (padsonsilk false)
      (subtractmaskfromsilk false)
      (outputformat 1)
      (mirror false)
      (drillshape 0)
      (scaleselection 1)
      (outputdirectory "gerbers"))
  )

  (net 0 "")
  (net 1 GND)
  (net 2 +5V)
  (net 3 +3V3)
  (net 4 Earth)
  (net 5 /ADC2)
  (net 6 /ADC1)
  (net 7 "Net-(C10-Pad1)")
  (net 8 /I2C1_SCL)
  (net 9 /I2C1_SDA)
  (net 10 /G1)
  (net 11 "Net-(J1-Pad2)")
  (net 12 "Net-(J2-Pad3)")
  (net 13 "Net-(J2-Pad2)")
  (net 14 "Net-(J3-Pad2)")
  (net 15 "Net-(J3-Pad3)")
  (net 16 "Net-(J4-Pad2)")
  (net 17 "Net-(J4-Pad3)")
  (net 18 "Net-(J5-Pad3)")
  (net 19 "Net-(J5-Pad2)")
  (net 20 /BTN1)
  (net 21 /BTN2)
  (net 22 /BTN3)
  (net 23 /BTN4)
  (net 24 "Net-(J10-Pad2)")
  (net 25 /CANL)
  (net 26 /CANH)
  (net 27 "Net-(J15-Pad1)")
  (net 28 "Net-(J15-Pad2)")
  (net 29 /Relay)
  (net 30 /PWM)
  (net 31 /CLK1)
  (net 32 /DIR1)
  (net 33 /~EN1)
  (net 34 /CLK2)
  (net 35 /DIR2)
  (net 36 /~EN2)
  (net 37 /CAN_Rx)
  (net 38 /CAN_Tx)
  (net 39 /Ext0)
  (net 40 /Ext1)
  (net 41 /Ext2)
  (net 42 /CLK3)
  (net 43 /DIR3)
  (net 44 /~EN3)
  (net 45 "Net-(C4-Pad1)")
  (net 46 /Enc2b)
  (net 47 /Enc2a)
  (net 48 "Net-(D9-Pad1)")
  (net 49 "Net-(D9-Pad2)")
  (net 50 "Net-(D9-Pad3)")
  (net 51 "Net-(D9-Pad6)")
  (net 52 "Net-(D9-Pad7)")
  (net 53 "Net-(D10-Pad2)")
  (net 54 "Net-(D11-Pad2)")
  (net 55 "Net-(D12-Pad1)")
  (net 56 "Net-(J1-Pad1)")
  (net 57 "Net-(J2-Pad4)")
  (net 58 "Net-(J3-Pad4)")
  (net 59 "Net-(J4-Pad4)")
  (net 60 "Net-(J8-Pad1)")
  (net 61 "Net-(J8-Pad2)")
  (net 62 "Net-(J8-Pad3)")
  (net 63 "Net-(J8-Pad4)")
  (net 64 "Net-(J9-Pad4)")
  (net 65 "Net-(J9-Pad3)")
  (net 66 "Net-(J9-Pad2)")
  (net 67 "Net-(J9-Pad1)")
  (net 68 "Net-(J10-Pad1)")
  (net 69 "Net-(J10-Pad3)")
  (net 70 "Net-(J12-Pad2)")
  (net 71 "Net-(J14-Pad1)")
  (net 72 "Net-(J14-Pad2)")
  (net 73 "Net-(J14-Pad3)")
  (net 74 "Net-(J15-Pad3)")
  (net 75 "Net-(J16-Pad3)")
  (net 76 "Net-(J16-Pad2)")
  (net 77 "Net-(J16-Pad1)")
  (net 78 "Net-(J17-Pad3)")
  (net 79 "Net-(J17-Pad2)")
  (net 80 "Net-(J17-Pad1)")
  (net 81 /Enc1a)
  (net 82 /Enc1b)
  (net 83 /Enc3a)
  (net 84 /Enc3b)
  (net 85 "Net-(Q2-Pad1)")
  (net 86 "Net-(R17-Pad1)")
  (net 87 "Net-(R19-Pad1)")
  (net 88 "Net-(Q3-Pad1)")
  (net 89 /ESW1)
  (net 90 /ESW2)
  (net 91 /ESW3)
  (net 92 "Net-(R30-Pad2)")
  (net 93 "Net-(R31-Pad2)")
  (net 94 "Net-(Q4-Pad1)")
  (net 95 /Buzzer)
  (net 96 "Net-(Q4-Pad2)")
  (net 97 "Net-(TP3-Pad1)")
  (net 98 "Net-(J18-Pad2)")
  (net 99 "Net-(J18-Pad1)")

  (net_class Default "This is the default net class."
    (clearance 0.2)
    (trace_width 0.2)
    (via_dia 0.8)
    (via_drill 0.4)
    (uvia_dia 0.3)
    (uvia_drill 0.1)
    (add_net +3V3)
    (add_net +5V)
    (add_net /ADC1)
    (add_net /ADC2)
    (add_net /BTN1)
    (add_net /BTN2)
    (add_net /BTN3)
    (add_net /BTN4)
    (add_net /Buzzer)
    (add_net /CANH)
    (add_net /CANL)
    (add_net /CAN_Rx)
    (add_net /CAN_Tx)
    (add_net /CLK1)
    (add_net /CLK2)
    (add_net /CLK3)
    (add_net /DIR1)
    (add_net /DIR2)
    (add_net /DIR3)
    (add_net /ESW1)
    (add_net /ESW2)
    (add_net /ESW3)
    (add_net /Enc1a)
    (add_net /Enc1b)
    (add_net /Enc2a)
    (add_net /Enc2b)
    (add_net /Enc3a)
    (add_net /Enc3b)
    (add_net /Ext0)
    (add_net /Ext1)
    (add_net /Ext2)
    (add_net /G1)
    (add_net /I2C1_SCL)
    (add_net /I2C1_SDA)
    (add_net /PWM)
    (add_net /Relay)
    (add_net /~EN1)
    (add_net /~EN2)
    (add_net /~EN3)
    (add_net Earth)
    (add_net GND)
    (add_net "Net-(C10-Pad1)")
    (add_net "Net-(C4-Pad1)")
    (add_net "Net-(D10-Pad2)")
    (add_net "Net-(D11-Pad2)")
    (add_net "Net-(D12-Pad1)")
    (add_net "Net-(D9-Pad1)")
    (add_net "Net-(D9-Pad2)")
    (add_net "Net-(D9-Pad3)")
    (add_net "Net-(D9-Pad6)")
    (add_net "Net-(D9-Pad7)")
    (add_net "Net-(J1-Pad1)")
    (add_net "Net-(J1-Pad2)")
    (add_net "Net-(J10-Pad1)")
    (add_net "Net-(J10-Pad2)")
    (add_net "Net-(J10-Pad3)")
    (add_net "Net-(J12-Pad2)")
    (add_net "Net-(J14-Pad1)")
    (add_net "Net-(J14-Pad2)")
    (add_net "Net-(J14-Pad3)")
    (add_net "Net-(J15-Pad1)")
    (add_net "Net-(J15-Pad2)")
    (add_net "Net-(J15-Pad3)")
    (add_net "Net-(J16-Pad1)")
    (add_net "Net-(J16-Pad2)")
    (add_net "Net-(J16-Pad3)")
    (add_net "Net-(J17-Pad1)")
    (add_net "Net-(J17-Pad2)")
    (add_net "Net-(J17-Pad3)")
    (add_net "Net-(J18-Pad1)")
    (add_net "Net-(J18-Pad2)")
    (add_net "Net-(J2-Pad2)")
    (add_net "Net-(J2-Pad3)")
    (add_net "Net-(J2-Pad4)")
    (add_net "Net-(J3-Pad2)")
    (add_net "Net-(J3-Pad3)")
    (add_net "Net-(J3-Pad4)")
    (add_net "Net-(J4-Pad2)")
    (add_net "Net-(J4-Pad3)")
    (add_net "Net-(J4-Pad4)")
    (add_net "Net-(J5-Pad2)")
    (add_net "Net-(J5-Pad3)")
    (add_net "Net-(J8-Pad1)")
    (add_net "Net-(J8-Pad2)")
    (add_net "Net-(J8-Pad3)")
    (add_net "Net-(J8-Pad4)")
    (add_net "Net-(J9-Pad1)")
    (add_net "Net-(J9-Pad2)")
    (add_net "Net-(J9-Pad3)")
    (add_net "Net-(J9-Pad4)")
    (add_net "Net-(Q2-Pad1)")
    (add_net "Net-(Q3-Pad1)")
    (add_net "Net-(Q4-Pad1)")
    (add_net "Net-(Q4-Pad2)")
    (add_net "Net-(R17-Pad1)")
    (add_net "Net-(R19-Pad1)")
    (add_net "Net-(R30-Pad2)")
    (add_net "Net-(R31-Pad2)")
    (add_net "Net-(TP3-Pad1)")
  )

  (net_class 0.5 ""
    (clearance 0.3)
    (trace_width 0.5)
    (via_dia 1.2)
    (via_drill 0.6)
    (uvia_dia 0.3)
    (uvia_drill 0.1)
  )

  (net_class 1 ""
    (clearance 0.5)
    (trace_width 1)
    (via_dia 1.2)
    (via_drill 0.6)
    (uvia_dia 0.3)
    (uvia_drill 0.1)
  )

  (module Package_SO:SOIC-16_3.9x9.9mm_P1.27mm (layer F.Cu) (tedit 5A02F2D3) (tstamp 61030621)
    (at 118.6612 116.3828)
    (descr "16-Lead Plastic Small Outline (SL) - Narrow, 3.90 mm Body [SOIC] (see Microchip Packaging Specification 00000049BS.pdf)")
    (tags "SOIC 1.27")
    (path /610ACE75)
    (attr smd)
    (fp_text reference U5 (at 0 -6) (layer F.SilkS)
      (effects (font (size 1 1) (thickness 0.15)))
    )
    (fp_text value CD4050 (at 0 6) (layer F.Fab)
      (effects (font (size 1 1) (thickness 0.15)))
    )
    (fp_line (start -2.075 -5.05) (end -3.45 -5.05) (layer F.SilkS) (width 0.15))
    (fp_line (start -2.075 5.075) (end 2.075 5.075) (layer F.SilkS) (width 0.15))
    (fp_line (start -2.075 -5.075) (end 2.075 -5.075) (layer F.SilkS) (width 0.15))
    (fp_line (start -2.075 5.075) (end -2.075 4.97) (layer F.SilkS) (width 0.15))
    (fp_line (start 2.075 5.075) (end 2.075 4.97) (layer F.SilkS) (width 0.15))
    (fp_line (start 2.075 -5.075) (end 2.075 -4.97) (layer F.SilkS) (width 0.15))
    (fp_line (start -2.075 -5.075) (end -2.075 -5.05) (layer F.SilkS) (width 0.15))
    (fp_line (start -3.7 5.25) (end 3.7 5.25) (layer F.CrtYd) (width 0.05))
    (fp_line (start -3.7 -5.25) (end 3.7 -5.25) (layer F.CrtYd) (width 0.05))
    (fp_line (start 3.7 -5.25) (end 3.7 5.25) (layer F.CrtYd) (width 0.05))
    (fp_line (start -3.7 -5.25) (end -3.7 5.25) (layer F.CrtYd) (width 0.05))
    (fp_line (start -1.95 -3.95) (end -0.95 -4.95) (layer F.Fab) (width 0.15))
    (fp_line (start -1.95 4.95) (end -1.95 -3.95) (layer F.Fab) (width 0.15))
    (fp_line (start 1.95 4.95) (end -1.95 4.95) (layer F.Fab) (width 0.15))
    (fp_line (start 1.95 -4.95) (end 1.95 4.95) (layer F.Fab) (width 0.15))
    (fp_line (start -0.95 -4.95) (end 1.95 -4.95) (layer F.Fab) (width 0.15))
    (fp_text user %R (at 0 0) (layer F.Fab)
      (effects (font (size 0.9 0.9) (thickness 0.135)))
    )
    (pad 16 smd rect (at 2.7 -4.445) (size 1.5 0.6) (layers F.Cu F.Paste F.Mask))
    (pad 15 smd rect (at 2.7 -3.175) (size 1.5 0.6) (layers F.Cu F.Paste F.Mask)
      (net 78 "Net-(J17-Pad3)"))
    (pad 14 smd rect (at 2.7 -1.905) (size 1.5 0.6) (layers F.Cu F.Paste F.Mask)
      (net 41 /Ext2))
    (pad 13 smd rect (at 2.7 -0.635) (size 1.5 0.6) (layers F.Cu F.Paste F.Mask))
    (pad 12 smd rect (at 2.7 0.635) (size 1.5 0.6) (layers F.Cu F.Paste F.Mask)
      (net 79 "Net-(J17-Pad2)"))
    (pad 11 smd rect (at 2.7 1.905) (size 1.5 0.6) (layers F.Cu F.Paste F.Mask)
      (net 40 /Ext1))
    (pad 10 smd rect (at 2.7 3.175) (size 1.5 0.6) (layers F.Cu F.Paste F.Mask)
      (net 80 "Net-(J17-Pad1)"))
    (pad 9 smd rect (at 2.7 4.445) (size 1.5 0.6) (layers F.Cu F.Paste F.Mask)
      (net 39 /Ext0))
    (pad 8 smd rect (at -2.7 4.445) (size 1.5 0.6) (layers F.Cu F.Paste F.Mask)
      (net 1 GND))
    (pad 7 smd rect (at -2.7 3.175) (size 1.5 0.6) (layers F.Cu F.Paste F.Mask)
      (net 42 /CLK3))
    (pad 6 smd rect (at -2.7 1.905) (size 1.5 0.6) (layers F.Cu F.Paste F.Mask)
      (net 77 "Net-(J16-Pad1)"))
    (pad 5 smd rect (at -2.7 0.635) (size 1.5 0.6) (layers F.Cu F.Paste F.Mask)
      (net 43 /DIR3))
    (pad 4 smd rect (at -2.7 -0.635) (size 1.5 0.6) (layers F.Cu F.Paste F.Mask)
      (net 76 "Net-(J16-Pad2)"))
    (pad 3 smd rect (at -2.7 -1.905) (size 1.5 0.6) (layers F.Cu F.Paste F.Mask)
      (net 44 /~EN3))
    (pad 2 smd rect (at -2.7 -3.175) (size 1.5 0.6) (layers F.Cu F.Paste F.Mask)
      (net 75 "Net-(J16-Pad3)"))
    (pad 1 smd rect (at -2.7 -4.445) (size 1.5 0.6) (layers F.Cu F.Paste F.Mask)
      (net 2 +5V))
    (model ${KISYS3DMOD}/Package_SO.3dshapes/SOIC-16_3.9x9.9mm_P1.27mm.wrl
      (at (xyz 0 0 0))
      (scale (xyz 1 1 1))
      (rotate (xyz 0 0 0))
    )
  )

  (module Capacitor_SMD:C_0805_2012Metric_Pad1.15x1.40mm_HandSolder (layer F.Cu) (tedit 5B36C52B) (tstamp 6102FEF3)
    (at 94.497 73.8378)
    (descr "Capacitor SMD 0805 (2012 Metric), square (rectangular) end terminal, IPC_7351 nominal with elongated pad for handsoldering. (Body size source: https://docs.google.com/spreadsheets/d/1BsfQQcO9C6DZCsRaXUlFlo91Tg2WpOkGARC1WS5S8t0/edit?usp=sharing), generated with kicad-footprint-generator")
    (tags "capacitor handsolder")
    (path /5F0F92A0)
    (attr smd)
    (fp_text reference C1 (at 0.0164 -1.7272) (layer F.SilkS)
      (effects (font (size 1 1) (thickness 0.15)))
    )
    (fp_text value 1 (at 0 1.65) (layer F.Fab)
      (effects (font (size 1 1) (thickness 0.15)))
    )
    (fp_line (start 1.85 0.95) (end -1.85 0.95) (layer F.CrtYd) (width 0.05))
    (fp_line (start 1.85 -0.95) (end 1.85 0.95) (layer F.CrtYd) (width 0.05))
    (fp_line (start -1.85 -0.95) (end 1.85 -0.95) (layer F.CrtYd) (width 0.05))
    (fp_line (start -1.85 0.95) (end -1.85 -0.95) (layer F.CrtYd) (width 0.05))
    (fp_line (start -0.261252 0.71) (end 0.261252 0.71) (layer F.SilkS) (width 0.12))
    (fp_line (start -0.261252 -0.71) (end 0.261252 -0.71) (layer F.SilkS) (width 0.12))
    (fp_line (start 1 0.6) (end -1 0.6) (layer F.Fab) (width 0.1))
    (fp_line (start 1 -0.6) (end 1 0.6) (layer F.Fab) (width 0.1))
    (fp_line (start -1 -0.6) (end 1 -0.6) (layer F.Fab) (width 0.1))
    (fp_line (start -1 0.6) (end -1 -0.6) (layer F.Fab) (width 0.1))
    (fp_text user %R (at 0 0) (layer F.Fab)
      (effects (font (size 0.5 0.5) (thickness 0.08)))
    )
    (pad 2 smd roundrect (at 1.025 0) (size 1.15 1.4) (layers F.Cu F.Paste F.Mask) (roundrect_rratio 0.2173904347826087)
      (net 1 GND))
    (pad 1 smd roundrect (at -1.025 0) (size 1.15 1.4) (layers F.Cu F.Paste F.Mask) (roundrect_rratio 0.2173904347826087)
      (net 2 +5V))
    (model ${KISYS3DMOD}/Capacitor_SMD.3dshapes/C_0805_2012Metric.wrl
      (at (xyz 0 0 0))
      (scale (xyz 1 1 1))
      (rotate (xyz 0 0 0))
    )
  )

  (module Capacitor_SMD:C_0603_1608Metric_Pad1.05x0.95mm_HandSolder (layer F.Cu) (tedit 5B301BBE) (tstamp 6102FF04)
    (at 104.535 91.5924 180)
    (descr "Capacitor SMD 0603 (1608 Metric), square (rectangular) end terminal, IPC_7351 nominal with elongated pad for handsoldering. (Body size source: http://www.tortai-tech.com/upload/download/2011102023233369053.pdf), generated with kicad-footprint-generator")
    (tags "capacitor handsolder")
    (path /58C42D39)
    (attr smd)
    (fp_text reference C5 (at 0 1.397) (layer F.SilkS)
      (effects (font (size 1 1) (thickness 0.15)))
    )
    (fp_text value 0.1 (at 0 1.43) (layer F.Fab)
      (effects (font (size 1 1) (thickness 0.15)))
    )
    (fp_line (start -0.8 0.4) (end -0.8 -0.4) (layer F.Fab) (width 0.1))
    (fp_line (start -0.8 -0.4) (end 0.8 -0.4) (layer F.Fab) (width 0.1))
    (fp_line (start 0.8 -0.4) (end 0.8 0.4) (layer F.Fab) (width 0.1))
    (fp_line (start 0.8 0.4) (end -0.8 0.4) (layer F.Fab) (width 0.1))
    (fp_line (start -0.171267 -0.51) (end 0.171267 -0.51) (layer F.SilkS) (width 0.12))
    (fp_line (start -0.171267 0.51) (end 0.171267 0.51) (layer F.SilkS) (width 0.12))
    (fp_line (start -1.65 0.73) (end -1.65 -0.73) (layer F.CrtYd) (width 0.05))
    (fp_line (start -1.65 -0.73) (end 1.65 -0.73) (layer F.CrtYd) (width 0.05))
    (fp_line (start 1.65 -0.73) (end 1.65 0.73) (layer F.CrtYd) (width 0.05))
    (fp_line (start 1.65 0.73) (end -1.65 0.73) (layer F.CrtYd) (width 0.05))
    (fp_text user %R (at 0 0) (layer F.Fab)
      (effects (font (size 0.4 0.4) (thickness 0.06)))
    )
    (pad 1 smd roundrect (at -0.875 0 180) (size 1.05 0.95) (layers F.Cu F.Paste F.Mask) (roundrect_rratio 0.25)
      (net 1 GND))
    (pad 2 smd roundrect (at 0.875 0 180) (size 1.05 0.95) (layers F.Cu F.Paste F.Mask) (roundrect_rratio 0.25)
      (net 3 +3V3))
    (model ${KISYS3DMOD}/Capacitor_SMD.3dshapes/C_0603_1608Metric.wrl
      (at (xyz 0 0 0))
      (scale (xyz 1 1 1))
      (rotate (xyz 0 0 0))
    )
  )

  (module Capacitor_SMD:C_0603_1608Metric_Pad1.05x0.95mm_HandSolder (layer F.Cu) (tedit 5B301BBE) (tstamp 6102FF15)
    (at 116.586 94.248 90)
    (descr "Capacitor SMD 0603 (1608 Metric), square (rectangular) end terminal, IPC_7351 nominal with elongated pad for handsoldering. (Body size source: http://www.tortai-tech.com/upload/download/2011102023233369053.pdf), generated with kicad-footprint-generator")
    (tags "capacitor handsolder")
    (path /590935EA)
    (attr smd)
    (fp_text reference C6 (at -0.014 1.651 180) (layer F.SilkS)
      (effects (font (size 1 1) (thickness 0.15)))
    )
    (fp_text value 0.1 (at 0 1.43 90) (layer F.Fab)
      (effects (font (size 1 1) (thickness 0.15)))
    )
    (fp_line (start 1.65 0.73) (end -1.65 0.73) (layer F.CrtYd) (width 0.05))
    (fp_line (start 1.65 -0.73) (end 1.65 0.73) (layer F.CrtYd) (width 0.05))
    (fp_line (start -1.65 -0.73) (end 1.65 -0.73) (layer F.CrtYd) (width 0.05))
    (fp_line (start -1.65 0.73) (end -1.65 -0.73) (layer F.CrtYd) (width 0.05))
    (fp_line (start -0.171267 0.51) (end 0.171267 0.51) (layer F.SilkS) (width 0.12))
    (fp_line (start -0.171267 -0.51) (end 0.171267 -0.51) (layer F.SilkS) (width 0.12))
    (fp_line (start 0.8 0.4) (end -0.8 0.4) (layer F.Fab) (width 0.1))
    (fp_line (start 0.8 -0.4) (end 0.8 0.4) (layer F.Fab) (width 0.1))
    (fp_line (start -0.8 -0.4) (end 0.8 -0.4) (layer F.Fab) (width 0.1))
    (fp_line (start -0.8 0.4) (end -0.8 -0.4) (layer F.Fab) (width 0.1))
    (fp_text user %R (at 0 0 90) (layer F.Fab)
      (effects (font (size 0.4 0.4) (thickness 0.06)))
    )
    (pad 2 smd roundrect (at 0.875 0 90) (size 1.05 0.95) (layers F.Cu F.Paste F.Mask) (roundrect_rratio 0.25)
      (net 3 +3V3))
    (pad 1 smd roundrect (at -0.875 0 90) (size 1.05 0.95) (layers F.Cu F.Paste F.Mask) (roundrect_rratio 0.25)
      (net 1 GND))
    (model ${KISYS3DMOD}/Capacitor_SMD.3dshapes/C_0603_1608Metric.wrl
      (at (xyz 0 0 0))
      (scale (xyz 1 1 1))
      (rotate (xyz 0 0 0))
    )
  )

  (module Capacitor_SMD:C_0603_1608Metric_Pad1.05x0.95mm_HandSolder (layer F.Cu) (tedit 5B301BBE) (tstamp 6102FF26)
    (at 113.552 104.775)
    (descr "Capacitor SMD 0603 (1608 Metric), square (rectangular) end terminal, IPC_7351 nominal with elongated pad for handsoldering. (Body size source: http://www.tortai-tech.com/upload/download/2011102023233369053.pdf), generated with kicad-footprint-generator")
    (tags "capacitor handsolder")
    (path /59093675)
    (attr smd)
    (fp_text reference C7 (at 0 1.524) (layer F.SilkS)
      (effects (font (size 1 1) (thickness 0.15)))
    )
    (fp_text value 0.1 (at 0 1.43) (layer F.Fab)
      (effects (font (size 1 1) (thickness 0.15)))
    )
    (fp_line (start -0.8 0.4) (end -0.8 -0.4) (layer F.Fab) (width 0.1))
    (fp_line (start -0.8 -0.4) (end 0.8 -0.4) (layer F.Fab) (width 0.1))
    (fp_line (start 0.8 -0.4) (end 0.8 0.4) (layer F.Fab) (width 0.1))
    (fp_line (start 0.8 0.4) (end -0.8 0.4) (layer F.Fab) (width 0.1))
    (fp_line (start -0.171267 -0.51) (end 0.171267 -0.51) (layer F.SilkS) (width 0.12))
    (fp_line (start -0.171267 0.51) (end 0.171267 0.51) (layer F.SilkS) (width 0.12))
    (fp_line (start -1.65 0.73) (end -1.65 -0.73) (layer F.CrtYd) (width 0.05))
    (fp_line (start -1.65 -0.73) (end 1.65 -0.73) (layer F.CrtYd) (width 0.05))
    (fp_line (start 1.65 -0.73) (end 1.65 0.73) (layer F.CrtYd) (width 0.05))
    (fp_line (start 1.65 0.73) (end -1.65 0.73) (layer F.CrtYd) (width 0.05))
    (fp_text user %R (at 0 0) (layer F.Fab)
      (effects (font (size 0.4 0.4) (thickness 0.06)))
    )
    (pad 1 smd roundrect (at -0.875 0) (size 1.05 0.95) (layers F.Cu F.Paste F.Mask) (roundrect_rratio 0.25)
      (net 1 GND))
    (pad 2 smd roundrect (at 0.875 0) (size 1.05 0.95) (layers F.Cu F.Paste F.Mask) (roundrect_rratio 0.25)
      (net 3 +3V3))
    (model ${KISYS3DMOD}/Capacitor_SMD.3dshapes/C_0603_1608Metric.wrl
      (at (xyz 0 0 0))
      (scale (xyz 1 1 1))
      (rotate (xyz 0 0 0))
    )
  )

  (module Capacitor_SMD:C_0805_2012Metric_Pad1.15x1.40mm_HandSolder (layer F.Cu) (tedit 5B36C52B) (tstamp 6102FF37)
    (at 88.9344 73.8378)
    (descr "Capacitor SMD 0805 (2012 Metric), square (rectangular) end terminal, IPC_7351 nominal with elongated pad for handsoldering. (Body size source: https://docs.google.com/spreadsheets/d/1BsfQQcO9C6DZCsRaXUlFlo91Tg2WpOkGARC1WS5S8t0/edit?usp=sharing), generated with kicad-footprint-generator")
    (tags "capacitor handsolder")
    (path /5F0F75F5)
    (attr smd)
    (fp_text reference C4 (at 0 -1.7018) (layer F.SilkS)
      (effects (font (size 1 1) (thickness 0.15)))
    )
    (fp_text value 1 (at 0 1.65) (layer F.Fab)
      (effects (font (size 1 1) (thickness 0.15)))
    )
    (fp_line (start -1 0.6) (end -1 -0.6) (layer F.Fab) (width 0.1))
    (fp_line (start -1 -0.6) (end 1 -0.6) (layer F.Fab) (width 0.1))
    (fp_line (start 1 -0.6) (end 1 0.6) (layer F.Fab) (width 0.1))
    (fp_line (start 1 0.6) (end -1 0.6) (layer F.Fab) (width 0.1))
    (fp_line (start -0.261252 -0.71) (end 0.261252 -0.71) (layer F.SilkS) (width 0.12))
    (fp_line (start -0.261252 0.71) (end 0.261252 0.71) (layer F.SilkS) (width 0.12))
    (fp_line (start -1.85 0.95) (end -1.85 -0.95) (layer F.CrtYd) (width 0.05))
    (fp_line (start -1.85 -0.95) (end 1.85 -0.95) (layer F.CrtYd) (width 0.05))
    (fp_line (start 1.85 -0.95) (end 1.85 0.95) (layer F.CrtYd) (width 0.05))
    (fp_line (start 1.85 0.95) (end -1.85 0.95) (layer F.CrtYd) (width 0.05))
    (fp_text user %R (at 0 0) (layer F.Fab)
      (effects (font (size 0.5 0.5) (thickness 0.08)))
    )
    (pad 1 smd roundrect (at -1.025 0) (size 1.15 1.4) (layers F.Cu F.Paste F.Mask) (roundrect_rratio 0.2173904347826087)
      (net 45 "Net-(C4-Pad1)"))
    (pad 2 smd roundrect (at 1.025 0) (size 1.15 1.4) (layers F.Cu F.Paste F.Mask) (roundrect_rratio 0.2173904347826087)
      (net 4 Earth))
    (model ${KISYS3DMOD}/Capacitor_SMD.3dshapes/C_0805_2012Metric.wrl
      (at (xyz 0 0 0))
      (scale (xyz 1 1 1))
      (rotate (xyz 0 0 0))
    )
  )

  (module Capacitor_SMD:C_0603_1608Metric_Pad1.05x0.95mm_HandSolder (layer F.Cu) (tedit 5B301BBE) (tstamp 6102FF48)
    (at 101.092 98.947 270)
    (descr "Capacitor SMD 0603 (1608 Metric), square (rectangular) end terminal, IPC_7351 nominal with elongated pad for handsoldering. (Body size source: http://www.tortai-tech.com/upload/download/2011102023233369053.pdf), generated with kicad-footprint-generator")
    (tags "capacitor handsolder")
    (path /590A8102)
    (attr smd)
    (fp_text reference C8 (at -0.014 1.778 180) (layer F.SilkS)
      (effects (font (size 1 1) (thickness 0.15)))
    )
    (fp_text value 0.1 (at 0 1.43 90) (layer F.Fab)
      (effects (font (size 1 1) (thickness 0.15)))
    )
    (fp_line (start 1.65 0.73) (end -1.65 0.73) (layer F.CrtYd) (width 0.05))
    (fp_line (start 1.65 -0.73) (end 1.65 0.73) (layer F.CrtYd) (width 0.05))
    (fp_line (start -1.65 -0.73) (end 1.65 -0.73) (layer F.CrtYd) (width 0.05))
    (fp_line (start -1.65 0.73) (end -1.65 -0.73) (layer F.CrtYd) (width 0.05))
    (fp_line (start -0.171267 0.51) (end 0.171267 0.51) (layer F.SilkS) (width 0.12))
    (fp_line (start -0.171267 -0.51) (end 0.171267 -0.51) (layer F.SilkS) (width 0.12))
    (fp_line (start 0.8 0.4) (end -0.8 0.4) (layer F.Fab) (width 0.1))
    (fp_line (start 0.8 -0.4) (end 0.8 0.4) (layer F.Fab) (width 0.1))
    (fp_line (start -0.8 -0.4) (end 0.8 -0.4) (layer F.Fab) (width 0.1))
    (fp_line (start -0.8 0.4) (end -0.8 -0.4) (layer F.Fab) (width 0.1))
    (fp_text user %R (at 0 0 90) (layer F.Fab)
      (effects (font (size 0.4 0.4) (thickness 0.06)))
    )
    (pad 2 smd roundrect (at 0.875 0 270) (size 1.05 0.95) (layers F.Cu F.Paste F.Mask) (roundrect_rratio 0.25)
      (net 3 +3V3))
    (pad 1 smd roundrect (at -0.875 0 270) (size 1.05 0.95) (layers F.Cu F.Paste F.Mask) (roundrect_rratio 0.25)
      (net 1 GND))
    (model ${KISYS3DMOD}/Capacitor_SMD.3dshapes/C_0603_1608Metric.wrl
      (at (xyz 0 0 0))
      (scale (xyz 1 1 1))
      (rotate (xyz 0 0 0))
    )
  )

  (module Capacitor_SMD:C_0603_1608Metric_Pad1.05x0.95mm_HandSolder (layer B.Cu) (tedit 5B301BBE) (tstamp 6102FF59)
    (at 95.9498 116.3193)
    (descr "Capacitor SMD 0603 (1608 Metric), square (rectangular) end terminal, IPC_7351 nominal with elongated pad for handsoldering. (Body size source: http://www.tortai-tech.com/upload/download/2011102023233369053.pdf), generated with kicad-footprint-generator")
    (tags "capacitor handsolder")
    (path /6124B279)
    (attr smd)
    (fp_text reference C2 (at 2.808 -0.0254) (layer B.SilkS)
      (effects (font (size 1 1) (thickness 0.15)) (justify mirror))
    )
    (fp_text value 0.1 (at 0 -1.43) (layer B.Fab)
      (effects (font (size 1 1) (thickness 0.15)) (justify mirror))
    )
    (fp_line (start -0.8 -0.4) (end -0.8 0.4) (layer B.Fab) (width 0.1))
    (fp_line (start -0.8 0.4) (end 0.8 0.4) (layer B.Fab) (width 0.1))
    (fp_line (start 0.8 0.4) (end 0.8 -0.4) (layer B.Fab) (width 0.1))
    (fp_line (start 0.8 -0.4) (end -0.8 -0.4) (layer B.Fab) (width 0.1))
    (fp_line (start -0.171267 0.51) (end 0.171267 0.51) (layer B.SilkS) (width 0.12))
    (fp_line (start -0.171267 -0.51) (end 0.171267 -0.51) (layer B.SilkS) (width 0.12))
    (fp_line (start -1.65 -0.73) (end -1.65 0.73) (layer B.CrtYd) (width 0.05))
    (fp_line (start -1.65 0.73) (end 1.65 0.73) (layer B.CrtYd) (width 0.05))
    (fp_line (start 1.65 0.73) (end 1.65 -0.73) (layer B.CrtYd) (width 0.05))
    (fp_line (start 1.65 -0.73) (end -1.65 -0.73) (layer B.CrtYd) (width 0.05))
    (fp_text user %R (at 0 0) (layer B.Fab)
      (effects (font (size 0.4 0.4) (thickness 0.06)) (justify mirror))
    )
    (pad 1 smd roundrect (at -0.875 0) (size 1.05 0.95) (layers B.Cu B.Paste B.Mask) (roundrect_rratio 0.25)
      (net 5 /ADC2))
    (pad 2 smd roundrect (at 0.875 0) (size 1.05 0.95) (layers B.Cu B.Paste B.Mask) (roundrect_rratio 0.25)
      (net 1 GND))
    (model ${KISYS3DMOD}/Capacitor_SMD.3dshapes/C_0603_1608Metric.wrl
      (at (xyz 0 0 0))
      (scale (xyz 1 1 1))
      (rotate (xyz 0 0 0))
    )
  )

  (module Capacitor_SMD:C_0603_1608Metric_Pad1.05x0.95mm_HandSolder (layer B.Cu) (tedit 5B301BBE) (tstamp 6102FF6A)
    (at 90.9206 116.3193 180)
    (descr "Capacitor SMD 0603 (1608 Metric), square (rectangular) end terminal, IPC_7351 nominal with elongated pad for handsoldering. (Body size source: http://www.tortai-tech.com/upload/download/2011102023233369053.pdf), generated with kicad-footprint-generator")
    (tags "capacitor handsolder")
    (path /6124BAF6)
    (attr smd)
    (fp_text reference C3 (at 2.5514 0) (layer B.SilkS)
      (effects (font (size 1 1) (thickness 0.15)) (justify mirror))
    )
    (fp_text value 0.1 (at 0 -1.43) (layer B.Fab)
      (effects (font (size 1 1) (thickness 0.15)) (justify mirror))
    )
    (fp_line (start 1.65 -0.73) (end -1.65 -0.73) (layer B.CrtYd) (width 0.05))
    (fp_line (start 1.65 0.73) (end 1.65 -0.73) (layer B.CrtYd) (width 0.05))
    (fp_line (start -1.65 0.73) (end 1.65 0.73) (layer B.CrtYd) (width 0.05))
    (fp_line (start -1.65 -0.73) (end -1.65 0.73) (layer B.CrtYd) (width 0.05))
    (fp_line (start -0.171267 -0.51) (end 0.171267 -0.51) (layer B.SilkS) (width 0.12))
    (fp_line (start -0.171267 0.51) (end 0.171267 0.51) (layer B.SilkS) (width 0.12))
    (fp_line (start 0.8 -0.4) (end -0.8 -0.4) (layer B.Fab) (width 0.1))
    (fp_line (start 0.8 0.4) (end 0.8 -0.4) (layer B.Fab) (width 0.1))
    (fp_line (start -0.8 0.4) (end 0.8 0.4) (layer B.Fab) (width 0.1))
    (fp_line (start -0.8 -0.4) (end -0.8 0.4) (layer B.Fab) (width 0.1))
    (fp_text user %R (at 0 0) (layer B.Fab)
      (effects (font (size 0.4 0.4) (thickness 0.06)) (justify mirror))
    )
    (pad 2 smd roundrect (at 0.875 0 180) (size 1.05 0.95) (layers B.Cu B.Paste B.Mask) (roundrect_rratio 0.25)
      (net 1 GND))
    (pad 1 smd roundrect (at -0.875 0 180) (size 1.05 0.95) (layers B.Cu B.Paste B.Mask) (roundrect_rratio 0.25)
      (net 6 /ADC1))
    (model ${KISYS3DMOD}/Capacitor_SMD.3dshapes/C_0603_1608Metric.wrl
      (at (xyz 0 0 0))
      (scale (xyz 1 1 1))
      (rotate (xyz 0 0 0))
    )
  )

  (module Capacitor_SMD:C_0603_1608Metric_Pad1.05x0.95mm_HandSolder (layer F.Cu) (tedit 5B301BBE) (tstamp 6102FF7B)
    (at 152.3238 114.9718 270)
    (descr "Capacitor SMD 0603 (1608 Metric), square (rectangular) end terminal, IPC_7351 nominal with elongated pad for handsoldering. (Body size source: http://www.tortai-tech.com/upload/download/2011102023233369053.pdf), generated with kicad-footprint-generator")
    (tags "capacitor handsolder")
    (path /60DB45C7)
    (attr smd)
    (fp_text reference C9 (at 2.4778 0 180) (layer F.SilkS)
      (effects (font (size 1 1) (thickness 0.15)))
    )
    (fp_text value 0.1 (at 0 1.43 90) (layer F.Fab)
      (effects (font (size 1 1) (thickness 0.15)))
    )
    (fp_line (start 1.65 0.73) (end -1.65 0.73) (layer F.CrtYd) (width 0.05))
    (fp_line (start 1.65 -0.73) (end 1.65 0.73) (layer F.CrtYd) (width 0.05))
    (fp_line (start -1.65 -0.73) (end 1.65 -0.73) (layer F.CrtYd) (width 0.05))
    (fp_line (start -1.65 0.73) (end -1.65 -0.73) (layer F.CrtYd) (width 0.05))
    (fp_line (start -0.171267 0.51) (end 0.171267 0.51) (layer F.SilkS) (width 0.12))
    (fp_line (start -0.171267 -0.51) (end 0.171267 -0.51) (layer F.SilkS) (width 0.12))
    (fp_line (start 0.8 0.4) (end -0.8 0.4) (layer F.Fab) (width 0.1))
    (fp_line (start 0.8 -0.4) (end 0.8 0.4) (layer F.Fab) (width 0.1))
    (fp_line (start -0.8 -0.4) (end 0.8 -0.4) (layer F.Fab) (width 0.1))
    (fp_line (start -0.8 0.4) (end -0.8 -0.4) (layer F.Fab) (width 0.1))
    (fp_text user %R (at 0 0 90) (layer F.Fab)
      (effects (font (size 0.4 0.4) (thickness 0.06)))
    )
    (pad 2 smd roundrect (at 0.875 0 270) (size 1.05 0.95) (layers F.Cu F.Paste F.Mask) (roundrect_rratio 0.25)
      (net 1 GND))
    (pad 1 smd roundrect (at -0.875 0 270) (size 1.05 0.95) (layers F.Cu F.Paste F.Mask) (roundrect_rratio 0.25)
      (net 7 "Net-(C10-Pad1)"))
    (model ${KISYS3DMOD}/Capacitor_SMD.3dshapes/C_0603_1608Metric.wrl
      (at (xyz 0 0 0))
      (scale (xyz 1 1 1))
      (rotate (xyz 0 0 0))
    )
  )

  (module Capacitor_THT:CP_Radial_D8.0mm_P3.50mm (layer B.Cu) (tedit 5AE50EF0) (tstamp 61099AF2)
    (at 150.1902 113.2332 270)
    (descr "CP, Radial series, Radial, pin pitch=3.50mm, , diameter=8mm, Electrolytic Capacitor")
    (tags "CP Radial series Radial pin pitch 3.50mm  diameter 8mm Electrolytic Capacitor")
    (path /60DB3611)
    (fp_text reference C10 (at -1.651 4.2926 180) (layer B.SilkS)
      (effects (font (size 1 1) (thickness 0.15)) (justify mirror))
    )
    (fp_text value "100u 16V" (at 1.75 -5.25 90) (layer B.Fab)
      (effects (font (size 1 1) (thickness 0.15)) (justify mirror))
    )
    (fp_line (start -2.259698 2.715) (end -2.259698 1.915) (layer B.SilkS) (width 0.12))
    (fp_line (start -2.659698 2.315) (end -1.859698 2.315) (layer B.SilkS) (width 0.12))
    (fp_line (start 5.831 0.533) (end 5.831 -0.533) (layer B.SilkS) (width 0.12))
    (fp_line (start 5.791 0.768) (end 5.791 -0.768) (layer B.SilkS) (width 0.12))
    (fp_line (start 5.751 0.948) (end 5.751 -0.948) (layer B.SilkS) (width 0.12))
    (fp_line (start 5.711 1.098) (end 5.711 -1.098) (layer B.SilkS) (width 0.12))
    (fp_line (start 5.671 1.229) (end 5.671 -1.229) (layer B.SilkS) (width 0.12))
    (fp_line (start 5.631 1.346) (end 5.631 -1.346) (layer B.SilkS) (width 0.12))
    (fp_line (start 5.591 1.453) (end 5.591 -1.453) (layer B.SilkS) (width 0.12))
    (fp_line (start 5.551 1.552) (end 5.551 -1.552) (layer B.SilkS) (width 0.12))
    (fp_line (start 5.511 1.645) (end 5.511 -1.645) (layer B.SilkS) (width 0.12))
    (fp_line (start 5.471 1.731) (end 5.471 -1.731) (layer B.SilkS) (width 0.12))
    (fp_line (start 5.431 1.813) (end 5.431 -1.813) (layer B.SilkS) (width 0.12))
    (fp_line (start 5.391 1.89) (end 5.391 -1.89) (layer B.SilkS) (width 0.12))
    (fp_line (start 5.351 1.964) (end 5.351 -1.964) (layer B.SilkS) (width 0.12))
    (fp_line (start 5.311 2.034) (end 5.311 -2.034) (layer B.SilkS) (width 0.12))
    (fp_line (start 5.271 2.102) (end 5.271 -2.102) (layer B.SilkS) (width 0.12))
    (fp_line (start 5.231 2.166) (end 5.231 -2.166) (layer B.SilkS) (width 0.12))
    (fp_line (start 5.191 2.228) (end 5.191 -2.228) (layer B.SilkS) (width 0.12))
    (fp_line (start 5.151 2.287) (end 5.151 -2.287) (layer B.SilkS) (width 0.12))
    (fp_line (start 5.111 2.345) (end 5.111 -2.345) (layer B.SilkS) (width 0.12))
    (fp_line (start 5.071 2.4) (end 5.071 -2.4) (layer B.SilkS) (width 0.12))
    (fp_line (start 5.031 2.454) (end 5.031 -2.454) (layer B.SilkS) (width 0.12))
    (fp_line (start 4.991 2.505) (end 4.991 -2.505) (layer B.SilkS) (width 0.12))
    (fp_line (start 4.951 2.556) (end 4.951 -2.556) (layer B.SilkS) (width 0.12))
    (fp_line (start 4.911 2.604) (end 4.911 -2.604) (layer B.SilkS) (width 0.12))
    (fp_line (start 4.871 2.651) (end 4.871 -2.651) (layer B.SilkS) (width 0.12))
    (fp_line (start 4.831 2.697) (end 4.831 -2.697) (layer B.SilkS) (width 0.12))
    (fp_line (start 4.791 2.741) (end 4.791 -2.741) (layer B.SilkS) (width 0.12))
    (fp_line (start 4.751 2.784) (end 4.751 -2.784) (layer B.SilkS) (width 0.12))
    (fp_line (start 4.711 2.826) (end 4.711 -2.826) (layer B.SilkS) (width 0.12))
    (fp_line (start 4.671 2.867) (end 4.671 -2.867) (layer B.SilkS) (width 0.12))
    (fp_line (start 4.631 2.907) (end 4.631 -2.907) (layer B.SilkS) (width 0.12))
    (fp_line (start 4.591 2.945) (end 4.591 -2.945) (layer B.SilkS) (width 0.12))
    (fp_line (start 4.551 2.983) (end 4.551 -2.983) (layer B.SilkS) (width 0.12))
    (fp_line (start 4.511 -1.04) (end 4.511 -3.019) (layer B.SilkS) (width 0.12))
    (fp_line (start 4.511 3.019) (end 4.511 1.04) (layer B.SilkS) (width 0.12))
    (fp_line (start 4.471 -1.04) (end 4.471 -3.055) (layer B.SilkS) (width 0.12))
    (fp_line (start 4.471 3.055) (end 4.471 1.04) (layer B.SilkS) (width 0.12))
    (fp_line (start 4.431 -1.04) (end 4.431 -3.09) (layer B.SilkS) (width 0.12))
    (fp_line (start 4.431 3.09) (end 4.431 1.04) (layer B.SilkS) (width 0.12))
    (fp_line (start 4.391 -1.04) (end 4.391 -3.124) (layer B.SilkS) (width 0.12))
    (fp_line (start 4.391 3.124) (end 4.391 1.04) (layer B.SilkS) (width 0.12))
    (fp_line (start 4.351 -1.04) (end 4.351 -3.156) (layer B.SilkS) (width 0.12))
    (fp_line (start 4.351 3.156) (end 4.351 1.04) (layer B.SilkS) (width 0.12))
    (fp_line (start 4.311 -1.04) (end 4.311 -3.189) (layer B.SilkS) (width 0.12))
    (fp_line (start 4.311 3.189) (end 4.311 1.04) (layer B.SilkS) (width 0.12))
    (fp_line (start 4.271 -1.04) (end 4.271 -3.22) (layer B.SilkS) (width 0.12))
    (fp_line (start 4.271 3.22) (end 4.271 1.04) (layer B.SilkS) (width 0.12))
    (fp_line (start 4.231 -1.04) (end 4.231 -3.25) (layer B.SilkS) (width 0.12))
    (fp_line (start 4.231 3.25) (end 4.231 1.04) (layer B.SilkS) (width 0.12))
    (fp_line (start 4.191 -1.04) (end 4.191 -3.28) (layer B.SilkS) (width 0.12))
    (fp_line (start 4.191 3.28) (end 4.191 1.04) (layer B.SilkS) (width 0.12))
    (fp_line (start 4.151 -1.04) (end 4.151 -3.309) (layer B.SilkS) (width 0.12))
    (fp_line (start 4.151 3.309) (end 4.151 1.04) (layer B.SilkS) (width 0.12))
    (fp_line (start 4.111 -1.04) (end 4.111 -3.338) (layer B.SilkS) (width 0.12))
    (fp_line (start 4.111 3.338) (end 4.111 1.04) (layer B.SilkS) (width 0.12))
    (fp_line (start 4.071 -1.04) (end 4.071 -3.365) (layer B.SilkS) (width 0.12))
    (fp_line (start 4.071 3.365) (end 4.071 1.04) (layer B.SilkS) (width 0.12))
    (fp_line (start 4.031 -1.04) (end 4.031 -3.392) (layer B.SilkS) (width 0.12))
    (fp_line (start 4.031 3.392) (end 4.031 1.04) (layer B.SilkS) (width 0.12))
    (fp_line (start 3.991 -1.04) (end 3.991 -3.418) (layer B.SilkS) (width 0.12))
    (fp_line (start 3.991 3.418) (end 3.991 1.04) (layer B.SilkS) (width 0.12))
    (fp_line (start 3.951 -1.04) (end 3.951 -3.444) (layer B.SilkS) (width 0.12))
    (fp_line (start 3.951 3.444) (end 3.951 1.04) (layer B.SilkS) (width 0.12))
    (fp_line (start 3.911 -1.04) (end 3.911 -3.469) (layer B.SilkS) (width 0.12))
    (fp_line (start 3.911 3.469) (end 3.911 1.04) (layer B.SilkS) (width 0.12))
    (fp_line (start 3.871 -1.04) (end 3.871 -3.493) (layer B.SilkS) (width 0.12))
    (fp_line (start 3.871 3.493) (end 3.871 1.04) (layer B.SilkS) (width 0.12))
    (fp_line (start 3.831 -1.04) (end 3.831 -3.517) (layer B.SilkS) (width 0.12))
    (fp_line (start 3.831 3.517) (end 3.831 1.04) (layer B.SilkS) (width 0.12))
    (fp_line (start 3.791 -1.04) (end 3.791 -3.54) (layer B.SilkS) (width 0.12))
    (fp_line (start 3.791 3.54) (end 3.791 1.04) (layer B.SilkS) (width 0.12))
    (fp_line (start 3.751 -1.04) (end 3.751 -3.562) (layer B.SilkS) (width 0.12))
    (fp_line (start 3.751 3.562) (end 3.751 1.04) (layer B.SilkS) (width 0.12))
    (fp_line (start 3.711 -1.04) (end 3.711 -3.584) (layer B.SilkS) (width 0.12))
    (fp_line (start 3.711 3.584) (end 3.711 1.04) (layer B.SilkS) (width 0.12))
    (fp_line (start 3.671 -1.04) (end 3.671 -3.606) (layer B.SilkS) (width 0.12))
    (fp_line (start 3.671 3.606) (end 3.671 1.04) (layer B.SilkS) (width 0.12))
    (fp_line (start 3.631 -1.04) (end 3.631 -3.627) (layer B.SilkS) (width 0.12))
    (fp_line (start 3.631 3.627) (end 3.631 1.04) (layer B.SilkS) (width 0.12))
    (fp_line (start 3.591 -1.04) (end 3.591 -3.647) (layer B.SilkS) (width 0.12))
    (fp_line (start 3.591 3.647) (end 3.591 1.04) (layer B.SilkS) (width 0.12))
    (fp_line (start 3.551 -1.04) (end 3.551 -3.666) (layer B.SilkS) (width 0.12))
    (fp_line (start 3.551 3.666) (end 3.551 1.04) (layer B.SilkS) (width 0.12))
    (fp_line (start 3.511 -1.04) (end 3.511 -3.686) (layer B.SilkS) (width 0.12))
    (fp_line (start 3.511 3.686) (end 3.511 1.04) (layer B.SilkS) (width 0.12))
    (fp_line (start 3.471 -1.04) (end 3.471 -3.704) (layer B.SilkS) (width 0.12))
    (fp_line (start 3.471 3.704) (end 3.471 1.04) (layer B.SilkS) (width 0.12))
    (fp_line (start 3.431 -1.04) (end 3.431 -3.722) (layer B.SilkS) (width 0.12))
    (fp_line (start 3.431 3.722) (end 3.431 1.04) (layer B.SilkS) (width 0.12))
    (fp_line (start 3.391 -1.04) (end 3.391 -3.74) (layer B.SilkS) (width 0.12))
    (fp_line (start 3.391 3.74) (end 3.391 1.04) (layer B.SilkS) (width 0.12))
    (fp_line (start 3.351 -1.04) (end 3.351 -3.757) (layer B.SilkS) (width 0.12))
    (fp_line (start 3.351 3.757) (end 3.351 1.04) (layer B.SilkS) (width 0.12))
    (fp_line (start 3.311 -1.04) (end 3.311 -3.774) (layer B.SilkS) (width 0.12))
    (fp_line (start 3.311 3.774) (end 3.311 1.04) (layer B.SilkS) (width 0.12))
    (fp_line (start 3.271 -1.04) (end 3.271 -3.79) (layer B.SilkS) (width 0.12))
    (fp_line (start 3.271 3.79) (end 3.271 1.04) (layer B.SilkS) (width 0.12))
    (fp_line (start 3.231 -1.04) (end 3.231 -3.805) (layer B.SilkS) (width 0.12))
    (fp_line (start 3.231 3.805) (end 3.231 1.04) (layer B.SilkS) (width 0.12))
    (fp_line (start 3.191 -1.04) (end 3.191 -3.821) (layer B.SilkS) (width 0.12))
    (fp_line (start 3.191 3.821) (end 3.191 1.04) (layer B.SilkS) (width 0.12))
    (fp_line (start 3.151 -1.04) (end 3.151 -3.835) (layer B.SilkS) (width 0.12))
    (fp_line (start 3.151 3.835) (end 3.151 1.04) (layer B.SilkS) (width 0.12))
    (fp_line (start 3.111 -1.04) (end 3.111 -3.85) (layer B.SilkS) (width 0.12))
    (fp_line (start 3.111 3.85) (end 3.111 1.04) (layer B.SilkS) (width 0.12))
    (fp_line (start 3.071 -1.04) (end 3.071 -3.863) (layer B.SilkS) (width 0.12))
    (fp_line (start 3.071 3.863) (end 3.071 1.04) (layer B.SilkS) (width 0.12))
    (fp_line (start 3.031 -1.04) (end 3.031 -3.877) (layer B.SilkS) (width 0.12))
    (fp_line (start 3.031 3.877) (end 3.031 1.04) (layer B.SilkS) (width 0.12))
    (fp_line (start 2.991 -1.04) (end 2.991 -3.889) (layer B.SilkS) (width 0.12))
    (fp_line (start 2.991 3.889) (end 2.991 1.04) (layer B.SilkS) (width 0.12))
    (fp_line (start 2.951 -1.04) (end 2.951 -3.902) (layer B.SilkS) (width 0.12))
    (fp_line (start 2.951 3.902) (end 2.951 1.04) (layer B.SilkS) (width 0.12))
    (fp_line (start 2.911 -1.04) (end 2.911 -3.914) (layer B.SilkS) (width 0.12))
    (fp_line (start 2.911 3.914) (end 2.911 1.04) (layer B.SilkS) (width 0.12))
    (fp_line (start 2.871 -1.04) (end 2.871 -3.925) (layer B.SilkS) (width 0.12))
    (fp_line (start 2.871 3.925) (end 2.871 1.04) (layer B.SilkS) (width 0.12))
    (fp_line (start 2.831 -1.04) (end 2.831 -3.936) (layer B.SilkS) (width 0.12))
